PROPS=6
###WAY0###
LAT=44.782335268919745
LON=10.87138943374157
RADIUS=5
SPACE=0
TIME=3
REF=1
