PROPS=6
###WAY0###
LAT=51.5376528
LON=-0.0116114
RADIUS=10
SPACE=0
TIME=20
REF=1
