PROPS=6
###WAY0###
LAT=51.5379702
LON=-0.011679 
RADIUS=12
SPACE=0
TIME=20
REF=1
