PROPS=24

NAME=RE40
DEF_MAP=1
TORQUE_CONST=2
SPEED_CONST=3
SPD_TORQUE_GRAD=4
FRICTION=5
FRICTION_GRAD=6
GEAR_TRAIN=73

NAME=RE50
DEF_MAP=3
TORQUE_CONST=39.600000000000001
SPEED_CONST=240.69999999999999
SPD_TORQUE_GRAD=0.68700000000000006
FRICTION=5.2000000000000002
FRICTION_GRAD=0.00046000000000000001
GEAR_TRAIN=24

NAME=RE50-36V
DEF_MAP=3
TORQUE_CONST=60.399999999999999
SPEED_CONST=158
SPD_TORQUE_GRAD=0.63800000000000001
FRICTION=5.2000000000000002
FRICTION_GRAD=0.00046000000000000001
GEAR_TRAIN=17

